#,2.1,
   10,    2,    0,    1,    1,    0,    0,    0,    0,    0,    0,    2,    1,    1,    0,    0,    0,    0,    0,    0,    0,    0,    0,    0,    0,    0,    0,    0,    0,    0,    0,    0,    1,    0,    0,    0,    0,    0,    0,    0,    0,    0,    0,    0,    0,    0,    0,    0,    0,    0,    0,    0,    0,    0,    0,    0,    0,    0,    0,    0,    0,    0,    0,    0,    0,
#,GEN,
         1,       0.100000,       0.031000,       0.031000,       0.069000,       0.008000,       0.008000,       0.012500,       0.000000,      10.200000,      10.200000,       1.000000,       1.000000,      84.000000,       9.000000,       0.000000,       9.000000,      0.50000,'GE_  1',
         2,       0.295000,       0.069700,       0.069700,       0.282000,       0.170000,       0.170000,       0.035000,       0.000000,       6.560000,       6.560000,       1.500000,       1.500000,      60.600000,       9.000000,       0.000000,       9.000000,      0.50000,'GE_  2',
         3,       0.249500,       0.053100,       0.053100,       0.237000,       0.087600,       0.087600,       0.030400,       0.000000,       5.700000,       5.700000,       1.500000,       1.500000,      71.600000,       9.000000,       0.000000,       9.000000,      0.50000,'GE_  3',
         4,       0.262000,       0.043600,       0.043600,       0.258000,       0.166000,       0.166000,       0.029500,       0.000000,       5.690000,       5.690000,       1.500000,       1.500000,      57.200000,       9.000000,       0.000000,       9.000000,      0.50000,'GE_  4',
         5,       0.670000,       0.132000,       0.132000,       0.620000,       0.166000,       0.166000,       0.054000,       0.000000,       5.400000,       5.400000,       0.440000,       0.440000,      52.000000,       9.000000,       0.000000,       9.000000,      0.50000,'GE_  5',
         6,       0.254000,       0.050000,       0.050000,       0.241000,       0.081400,       0.081400,       0.022400,       0.000000,       7.300000,       7.300000,       0.400000,       0.400000,      69.600000,       9.000000,       0.000000,       9.000000,      0.50000,'GE_  6',
         7,       0.295000,       0.049000,       0.049000,       0.292000,       0.186000,       0.186000,       0.032200,       0.000000,       5.660000,       5.660000,       1.500000,       1.500000,      52.800000,       9.000000,       0.000000,       9.000000,      0.50000,'GE_  7',
         8,       0.290000,       0.057000,       0.057000,       0.280000,       0.091100,       0.091100,       0.028000,       0.000000,       6.700000,       6.700000,       0.410000,       0.410000,      48.600000,       9.000000,       0.000000,       9.000000,      0.50000,'GE_  8',
         9,       0.210600,       0.057000,       0.057000,       0.205000,       0.058700,       0.058700,       0.029800,       0.000000,       4.790000,       4.790000,       1.960000,       1.960000,      69.000000,       9.000000,       0.000000,       9.000000,      0.50000,'GE_  9',
        10,       0.020000,       0.006000,       0.006000,       0.019000,       0.008000,       0.008000,       0.003000,       0.000000,       7.000000,       7.000000,       0.700000,       0.700000,    1000.000000,       9.000000,       0.000000,       9.000000,      0.50000,'GE_  10',
#,AVR1,
         1,       1.000000,       3.000000,       0.040000,      50.000000,     -50.000000,       0.030000,       0.030000,       0.715000,       0.500000,'',
         2,       1.000000,       3.000000,       0.040000,      50.000000,     -50.000000,       0.030000,       0.030000,       0.715000,       0.500000,'',
#,GOV1,
         1,      20.000000,       1.000000,       0.000000,       1.000000,      -1.000000,       1.000000,       0.000000,       0.002000,       1.000000,  100000.000000,       0.500000,       0.000000,       0.200000,  100000.000000,'',
#,MOTO,
         1,       0.020000,       0.180000,       0.120000,       0.150000,       2.000000,       0.011600,       0.576000,       2.000000,       0.000000,       0.000000,'',
#,AVR1112,
         1,       0.000000,       0.020000,      41.000000,       0.000000,       1.000000,       1.000000,       0.010000,       0.010000,       1.000000,       0.010000,      10.000000,     -10.000000,       0.000000,       1.000000,       7.920000,      -6.410000,       0.096000,    0,    0,   99999.000000,  -99999.000000,   99999.000000,  -99999.000000,    0,    1,    0,    0,    1,    0,    0,    1,    0,'',
         2,       0.000000,       0.020000,      10.000000,       0.000000,       5.000000,       1.000000,       1.000000,       1.000000,       0.985000,       0.010000,      10.000000,     -10.000000,       0.000000,       1.000000,       7.090000,      -7.200000,       0.073000,    0,    0,   99999.000000,  -99999.000000,   99999.000000,  -99999.000000,    0,    1,    0,    0,    1,    0,    0,    1,    0,'',
#,PSS2,
         1,       0.000000,      46.700000,       0.000000,       6.000000,       6.000000,       0.000000,       0.200000,       0.020000,       0.200000,       0.020000,       1.400000,       2.000000,       0.050000,      -0.050000,'',
#,CLOAD,
         1,       0.000000,       0.295000,       3.500000,       0.020000,       0.120000,       2.000000,       0.000000,       0.000000,       0.000000,       0.000000,       0.000000,       0.000000,       0.000000,       0.000000,'',
#,STM,
         1,     100.000000,       0.020000,       0.010000,       0.010000,       0.010000,       0.010000,       0.020000,       2.000000,      10.000000,      50.000000,       0.030000,       0.100000,       1.300000,      -1.300000,       1.500000,      -1.500000,       0.000000,       0.000000,       0.000000,       0.000000,       0.000000,    1,    1,       0.000000,       0.000000,       0.000000,       0.000000,       0.000000,       0.000000,    1,       0.000000,       0.000000,       0.000000,       0.000000,       0.000000,'参考广东电网',
